,date,tone_d,rate
0,2005-07-07,0.5208333333333334,3.5
1,2005-08-11,0.6551724137931034,3.5
2,2005-09-08,0.40540540540540543,3.5
3,2005-10-11,0.6181818181818182,3.5
4,2005-11-10,0.6363636363636364,3.5
5,2005-12-08,0.6551724137931034,3.75
6,2006-01-12,0.4406779661016949,3.75
7,2006-02-09,0.7924528301886793,4.0
8,2006-03-09,0.7777777777777778,4.0
9,2006-04-07,0.6106194690265486,4.0
10,2006-05-11,0.7307692307692307,4.0
11,2006-06-08,0.7565217391304347,4.25
12,2006-07-07,0.8130841121495327,4.25
13,2006-08-10,0.7540983606557377,4.5
14,2006-09-07,0.8487394957983193,4.5
15,2006-10-12,0.6351351351351351,4.5
16,2006-11-09,0.4653465346534654,4.5
17,2006-12-07,0.5932203389830508,4.5
18,2007-01-11,0.5503875968992248,4.5
19,2007-02-08,0.6173913043478261,4.5
20,2007-03-08,0.5892857142857143,4.5
21,2007-04-12,0.6491228070175439,4.5
22,2007-05-10,0.7657657657657657,4.5
23,2007-06-08,0.7142857142857143,4.5
24,2007-07-12,0.7288135593220338,4.75
25,2007-08-09,0.6911764705882353,5.0
26,2007-09-07,0.6875,5.0
27,2007-10-11,0.5454545454545454,5.0
28,2007-11-08,0.7024793388429752,5.0
29,2007-12-07,0.5533980582524272,5.0
30,2008-01-10,0.5728155339805825,5.0
31,2008-02-13,0.7037037037037037,5.0
32,2008-03-07,0.5686274509803921,5.0
33,2008-04-10,0.4509803921568628,5.0
34,2008-05-08,0.5384615384615384,5.0
35,2008-06-12,0.6,5.0
36,2008-07-10,0.6989247311827957,5.0
37,2008-08-07,0.6666666666666666,5.25
38,2008-09-11,0.375,5.25
39,2008-10-09,-0.3333333333333333,5.0
40,2008-11-07,-0.48,4.0
41,2008-12-11,-0.4642857142857143,3.0
42,2009-01-09,-0.6666666666666666,2.5
43,2009-02-12,-0.48,2.0
44,2009-03-12,-0.22448979591836732,2.0
45,2009-04-09,-0.18181818181818185,2.0
46,2009-05-12,0.18181818181818185,2.0
47,2009-06-11,0.42857142857142855,2.0
48,2009-07-09,0.06666666666666668,2.0
49,2009-08-11,0.22,2.0
50,2009-09-10,0.5,2.0
51,2009-10-09,0.5769230769230769,2.0
52,2009-11-12,0.5409836065573771,2.0
53,2009-12-10,0.4693877551020408,2.0
54,2010-01-08,0.34545454545454546,2.0
55,2010-02-11,0.41935483870967744,2.0
56,2010-03-11,0.5789473684210527,2.0
57,2010-04-09,0.5416666666666666,2.0
58,2010-05-12,0.4230769230769231,2.0
59,2010-06-10,0.5555555555555556,2.0
60,2010-07-09,0.6129032258064516,2.25
61,2010-08-12,0.7857142857142857,2.25
62,2010-09-09,0.6307692307692307,2.25
63,2010-10-14,0.6071428571428571,2.25
64,2010-11-16,0.5384615384615384,2.5
65,2010-12-09,0.7283950617283951,2.5
66,2011-01-13,0.6049382716049383,2.75
67,2011-02-11,0.8,2.75
68,2011-03-10,0.8205128205128205,3.0
69,2011-04-12,0.7468354430379747,3.0
70,2011-05-13,0.2727272727272727,3.0
71,2011-06-10,0.5555555555555556,3.25
72,2012-01-13,-0.4,3.25
73,2012-02-09,-0.8181818181818182,3.25
74,2012-03-08,0.03546099290780142,3.25
75,2012-04-13,0.045977011494252866,3.25
76,2012-05-10,0.09433962264150944,3.25
77,2012-06-08,-0.2023809523809524,3.25
78,2012-07-12,-0.2447552447552448,3.0
79,2012-08-09,-0.3975903614457832,3.0
80,2012-09-13,-0.25287356321839083,3.0
81,2012-10-11,-0.2864321608040201,2.75
82,2012-11-09,-0.4736842105263158,2.75
83,2012-12-13,-0.6666666666666666,2.75
84,2013-01-11,0.0,2.75
85,2013-02-14,-0.3333333333333333,2.75
86,2013-03-14,-0.5789473684210527,2.75
87,2013-04-11,-0.5294117647058824,2.75
88,2013-05-09,-0.1,2.5
89,2013-06-13,-0.6666666666666666,2.5
90,2014-03-13,-0.5,2.5
91,2014-04-10,-0.4,2.5
92,2014-05-09,-0.2352941176470588,2.5
93,2014-06-12,-0.14285714285714285,2.5
94,2014-07-10,-0.1875,2.5
95,2014-08-14,-0.4782608695652174,2.25
96,2014-09-12,-0.7241379310344828,2.25
97,2014-10-15,-0.7333333333333333,2.0
98,2014-11-13,-0.8125,2.0
99,2014-12-11,-0.7037037037037037,2.0
100,2015-01-15,-0.6097560975609756,2.0
101,2015-02-17,-0.4,2.0
102,2015-03-12,-0.3333333333333333,1.75
103,2015-04-09,-0.2631578947368421,1.75
104,2015-05-15,-0.4545454545454545,1.75
105,2015-06-11,-0.4482758620689655,1.5
106,2015-07-09,-0.6842105263157895,1.5
107,2015-08-13,-0.25925925925925924,1.5
108,2015-09-11,-0.4117647058823529,1.5
109,2015-10-15,-0.4705882352941176,1.5
110,2015-11-12,-0.3793103448275862,1.5
111,2015-12-10,-0.14285714285714285,1.5
112,2016-01-14,-0.29411764705882354,1.5
113,2016-02-16,-0.3333333333333333,1.5
114,2016-03-10,-0.4838709677419355,1.5
115,2016-04-19,-0.2222222222222222,1.5
116,2016-05-13,-0.3125,1.5
117,2016-06-09,-0.4615384615384616,1.25
118,2016-07-14,-0.6470588235294118,1.25
119,2016-08-11,-0.3157894736842105,1.25
120,2016-09-09,-0.2727272727272727,1.25
121,2016-10-13,-0.4,1.25
122,2016-11-11,-0.028571428571428567,1.25
123,2016-12-15,-0.2,1.25
124,2017-01-13,0.25,1.25
